configuraciones:
  BASE: [-1.8235538641559046, -1.505070039337017, -0.7248993515968323, -2.4801069698729457, 1.5716415643692017, 0.05282888934016228]
  CONFIG1: [0.5408084988594055, -1.969069620172018, -0.690409779548645, -2.046171327630514, 1.5728977918624878, 1.482495903968811]
  CONFIG2: [0.15190760791301727, -2.0658303699889125, -0.5416991710662842, -2.0914517841734828, 1.5743842124938965, 1.090315580368042]
  CONFIG3: [-0.22816354433168584, -2.147924085656637, -0.3972216546535492, -2.1656438312926234, 1.5727119445800781, 0.7838241457939148]
  CONFIG4: [-0.614532772694723, -1.8291450939574183, -0.8850789070129395, -1.9965487919249476, 1.573143720626831, 0.3192458152770996]
  COMODIN: [0.06626737117767334, -1.4222855877927323, -1.3193367719650269, -1.9700690708556117, 1.573316216468811, 0.988867998123169]

  # Poses Objetos
  OBJ1: [-0.3549415308648649, 0.1657843650872635, 0.055, 0.9999823479518307, -0.005683228472116696, -7.982291530189264e-05, 0.0017315678387076778] 
  OBJ2: [-0.28059613448044024, 0.2898158653580625, 0.055, 0.999945060760426, 0.009892206151990067, -0.0012638932157693185, 0.0032283575102133684]
  OBJ3: [-0.1504583189881845, 0.3896280011092207, 0.055, 0.9997551659451056, -0.022065004738800985, -0.001233639107231857, 0.001105380705730022]
  OBJ4: [ 0.02221213289235061, 0.36853395104631, 0.055, 0.9984312666414555, -0.055962817024433835, -0.0016582637506428134, 0.000647352115920529]
  OBJ5: [-0.12749889531085362, 0.23704315186273237, 0.055, 0.9993524548596983, 0.035941491759676, -0.0009547193221537525, 0.0014030848156744635]